data;

set MICROSERVICES := M0 M1 M2 M3 ;

set OPERATIONS := O0 O1 O2 O3 O4 O5 O6 O7 O8 O9 O10 O11 O12 O13 O14 O15 ;

set ENTITIES := E0 E1 E2 E3 E4 E5 E6 E7 E8 E9 E10 E11 E12 E13 E14 E15 E16 E17 E18 E19 E20 E21 E22 E23 E24 E25 E26 E27 E28 E29 E30 E31 E32 E33 E34 E35 E36 E37 E38 E39 E40 E41 E42 E43 E44 E45 E46 E47 E48 E49 E50 E51 E52 E53 E54 E55 E56 E57 E58 ;

param frequencies:
    O0 O1 O2 O3 O4 O5 O6 O7 O8 O9 O10 O11 O12 O13 O14 O15 :=
F   1  1  1  1  1  1  1  1  1  1  1   1   1   1   1   1   ;

param acc:
    E0 E1 E2 E3 E4 E5 E6 E7 E8 E9 E10 E11 E12 E13 E14 E15 E16 E17 E18 E19 E20 E21 E22 E23 E24 E25 E26 E27 E28 E29 E30 E31 E32 E33 E34 E35 E36 E37 E38 E39 E40 E41 E42 E43 E44 E45 E46 E47 E48 E49 E50 E51 E52 E53 E54 E55 E56 E57 E58 :=
O0  1  1  1  1  1  1  1  1  1  1  1   1   1   1   1   1   1   1   0   0   0   0   0   0   0   0   0   0   0   0   0   0   0   0   0   0   0   0   0   0   0   0   0   0   0   0   0   0   0   0   0   0   0   0   0   0   0   0   0   
O1  1  1  1  1  1  1  1  1  1  1  1   1   1   1   1   1   1   1   0   0   0   0   0   0   0   0   0   0   0   0   0   0   0   0   0   0   0   0   0   0   0   0   0   0   0   0   0   0   0   0   0   0   0   0   0   0   0   0   0   
O2  0  0  0  0  0  0  0  0  0  0  0   0   1   0   0   0   1   0   0   0   0   0   0   0   0   0   0   0   0   0   0   0   0   0   0   0   0   0   0   0   0   0   0   0   0   0   0   0   0   0   0   0   0   0   0   0   0   0   0   
O3  0  0  0  0  0  0  0  0  0  0  0   0   0   0   0   0   1   0   0   0   0   0   0   0   0   0   0   0   0   0   0   0   0   0   0   0   0   0   0   0   0   0   0   0   0   0   0   0   0   0   0   0   0   0   0   0   0   0   0   
O4  0  0  0  0  0  0  0  0  0  0  0   0   0   0   0   0   0   0   0   0   0   0   0   0   0   0   0   0   0   0   0   0   0   0   0   0   0   0   0   0   0   0   0   0   0   0   0   0   0   0   0   0   0   0   0   0   0   1   1   
O5  0  0  0  0  0  0  0  0  0  0  0   0   0   0   0   0   0   0   0   0   0   0   1   1   1   1   1   1   1   0   0   0   0   0   0   0   0   0   0   0   0   0   0   0   0   0   0   0   0   0   0   0   0   0   0   0   0   1   1   
O6  0  0  0  0  0  0  0  0  0  0  0   0   0   0   0   0   0   0   0   0   0   0   1   1   1   1   1   1   1   1   0   0   0   0   0   0   0   0   0   0   0   0   0   0   0   0   0   0   0   0   0   0   0   0   0   0   0   1   1   
O7  0  0  0  0  0  0  0  0  0  0  0   0   0   0   0   0   0   0   0   0   0   0   0   0   0   0   0   0   0   0   0   0   0   0   0   0   0   0   0   0   0   0   0   0   0   0   0   0   0   0   0   0   0   0   0   0   0   1   1   
O8  0  0  0  0  0  0  0  0  0  0  0   0   0   0   0   0   0   0   1   1   1   1   1   1   1   1   1   1   1   1   0   0   0   0   0   0   0   0   0   0   0   0   0   0   0   0   0   0   0   0   0   0   0   0   0   0   0   0   1   
O9  0  0  0  0  0  0  0  0  0  0  0   0   0   0   0   0   0   0   1   1   1   1   0   0   0   0   0   0   0   0   0   0   0   0   0   0   0   0   0   0   0   0   0   0   0   0   0   0   0   0   0   0   0   0   0   0   0   0   0   
O10 0  0  0  0  0  0  0  0  0  0  0   0   0   0   0   0   0   0   0   1   0   0   0   0   0   0   0   0   0   0   0   0   0   0   0   0   0   0   0   0   0   0   0   0   0   0   0   0   0   0   0   0   0   0   0   0   0   0   0   
O11 0  0  0  0  0  0  0  0  0  0  0   0   0   0   0   0   0   0   1   1   1   1   1   1   1   1   1   1   1   1   0   0   0   0   0   0   0   0   0   0   0   0   0   0   0   0   0   0   0   0   0   0   0   0   0   0   0   0   1   
O12 0  0  0  0  0  0  0  0  0  0  0   0   0   0   0   0   0   0   1   1   1   1   0   0   0   0   0   0   0   0   1   0   0   0   0   0   0   0   0   0   0   0   0   0   0   0   0   0   0   0   0   0   0   0   0   0   0   0   0   
O13 0  0  0  0  0  0  0  0  0  0  0   0   0   0   0   0   1   0   0   0   0   0   0   0   0   0   0   0   0   0   0   1   1   1   1   1   1   1   1   1   1   1   1   1   1   1   1   1   1   1   1   1   1   1   1   1   1   0   0   
O14 0  0  0  0  0  0  0  0  0  0  0   0   0   0   0   0   0   0   0   1   1   1   1   1   1   1   1   1   1   1   0   1   1   1   1   1   1   1   1   1   1   1   1   1   1   1   1   1   1   1   1   1   1   1   1   1   1   0   1   
O15 0  0  0  0  0  0  0  0  0  0  0   0   0   0   0   0   0   0   0   0   0   0   0   0   0   0   0   0   0   0   1   0   0   0   0   0   0   0   0   0   0   0   0   0   1   1   0   0   0   0   0   0   0   0   0   0   0   0   0   ;

param accr:
    E0 E1 E2 E3 E4 E5 E6 E7 E8 E9 E10 E11 E12 E13 E14 E15 E16 E17 E18 E19 E20 E21 E22 E23 E24 E25 E26 E27 E28 E29 E30 E31 E32 E33 E34 E35 E36 E37 E38 E39 E40 E41 E42 E43 E44 E45 E46 E47 E48 E49 E50 E51 E52 E53 E54 E55 E56 E57 E58 :=
O0  0  0  0  0  0  0  0  0  0  0  0   0   0   0   0   0   0   0   0   0   0   0   0   0   0   0   0   0   0   0   0   0   0   0   0   0   0   0   0   0   0   0   0   0   0   0   0   0   0   0   0   0   0   0   0   0   0   0   0   
O1  0  0  0  0  0  0  0  0  0  0  0   0   0   0   0   0   1   0   0   0   0   0   0   0   0   0   0   0   0   0   0   0   0   0   0   0   0   0   0   0   0   0   0   0   0   0   0   0   0   0   0   0   0   0   0   0   0   0   0   
O2  0  0  0  0  0  0  0  0  0  0  0   0   1   0   0   0   1   0   0   0   0   0   0   0   0   0   0   0   0   0   0   0   0   0   0   0   0   0   0   0   0   0   0   0   0   0   0   0   0   0   0   0   0   0   0   0   0   0   0   
O3  0  0  0  0  0  0  0  0  0  0  0   0   0   0   0   0   1   0   0   0   0   0   0   0   0   0   0   0   0   0   0   0   0   0   0   0   0   0   0   0   0   0   0   0   0   0   0   0   0   0   0   0   0   0   0   0   0   0   0   
O4  0  0  0  0  0  0  0  0  0  0  0   0   0   0   0   0   0   0   0   0   0   0   0   0   0   0   0   0   0   0   0   0   0   0   0   0   0   0   0   0   0   0   0   0   0   0   0   0   0   0   0   0   0   0   0   0   0   1   1   
O5  0  0  0  0  0  0  0  0  0  0  0   0   0   0   0   0   0   0   0   0   0   0   1   1   1   1   1   1   1   0   0   0   0   0   0   0   0   0   0   0   0   0   0   0   0   0   0   0   0   0   0   0   0   0   0   0   0   1   1   
O6  0  0  0  0  0  0  0  0  0  0  0   0   0   0   0   0   0   0   0   0   0   0   1   1   1   1   1   1   1   1   0   0   0   0   0   0   0   0   0   0   0   0   0   0   0   0   0   0   0   0   0   0   0   0   0   0   0   1   1   
O7  0  0  0  0  0  0  0  0  0  0  0   0   0   0   0   0   0   0   0   0   0   0   0   0   0   0   0   0   0   0   0   0   0   0   0   0   0   0   0   0   0   0   0   0   0   0   0   0   0   0   0   0   0   0   0   0   0   1   1   
O8  0  0  0  0  0  0  0  0  0  0  0   0   0   0   0   0   0   0   1   0   0   0   1   1   1   1   1   1   1   1   0   0   0   0   0   0   0   0   0   0   0   0   0   0   0   0   0   0   0   0   0   0   0   0   0   0   0   0   1   
O9  0  0  0  0  0  0  0  0  0  0  0   0   0   0   0   0   0   0   1   1   0   0   0   0   0   0   0   0   0   0   0   0   0   0   0   0   0   0   0   0   0   0   0   0   0   0   0   0   0   0   0   0   0   0   0   0   0   0   0   
O10 0  0  0  0  0  0  0  0  0  0  0   0   0   0   0   0   0   0   0   0   0   0   0   0   0   0   0   0   0   0   0   0   0   0   0   0   0   0   0   0   0   0   0   0   0   0   0   0   0   0   0   0   0   0   0   0   0   0   0   
O11 0  0  0  0  0  0  0  0  0  0  0   0   0   0   0   0   0   0   1   1   1   1   1   1   1   1   1   1   1   1   0   0   0   0   0   0   0   0   0   0   0   0   0   0   0   0   0   0   0   0   0   0   0   0   0   0   0   0   1   
O12 0  0  0  0  0  0  0  0  0  0  0   0   0   0   0   0   0   0   1   1   1   1   0   0   0   0   0   0   0   0   0   0   0   0   0   0   0   0   0   0   0   0   0   0   0   0   0   0   0   0   0   0   0   0   0   0   0   0   0   
O13 0  0  0  0  0  0  0  0  0  0  0   0   0   0   0   0   1   0   0   0   0   0   0   0   0   0   0   0   0   0   0   0   0   0   0   0   0   0   0   0   0   0   0   0   0   0   0   0   0   0   0   0   0   0   0   0   0   0   0   
O14 0  0  0  0  0  0  0  0  0  0  0   0   0   0   0   0   0   0   0   1   1   1   1   1   1   1   1   1   1   1   0   1   1   1   1   1   1   1   1   1   1   1   1   1   1   1   1   1   1   1   1   1   1   1   1   1   1   0   1   
O15 0  0  0  0  0  0  0  0  0  0  0   0   0   0   0   0   0   0   0   0   0   0   0   0   0   0   0   0   0   0   1   0   0   0   0   0   0   0   0   0   0   0   0   0   1   1   0   0   0   0   0   0   0   0   0   0   0   0   0   ;

param accrw:
    E0 E1 E2 E3 E4 E5 E6 E7 E8 E9 E10 E11 E12 E13 E14 E15 E16 E17 E18 E19 E20 E21 E22 E23 E24 E25 E26 E27 E28 E29 E30 E31 E32 E33 E34 E35 E36 E37 E38 E39 E40 E41 E42 E43 E44 E45 E46 E47 E48 E49 E50 E51 E52 E53 E54 E55 E56 E57 E58 :=
O0  1  1  1  1  1  1  1  1  1  1  1   1   1   1   1   1   1   1   0   0   0   0   0   0   0   0   0   0   0   0   0   0   0   0   0   0   0   0   0   0   0   0   0   0   0   0   0   0   0   0   0   0   0   0   0   0   0   0   0   
O1  1  1  1  1  1  1  1  1  1  1  1   1   1   1   1   1   0   1   0   0   0   0   0   0   0   0   0   0   0   0   0   0   0   0   0   0   0   0   0   0   0   0   0   0   0   0   0   0   0   0   0   0   0   0   0   0   0   0   0   
O2  0  0  0  0  0  0  0  0  0  0  0   0   0   0   0   0   0   0   0   0   0   0   0   0   0   0   0   0   0   0   0   0   0   0   0   0   0   0   0   0   0   0   0   0   0   0   0   0   0   0   0   0   0   0   0   0   0   0   0   
O3  0  0  0  0  0  0  0  0  0  0  0   0   0   0   0   0   0   0   0   0   0   0   0   0   0   0   0   0   0   0   0   0   0   0   0   0   0   0   0   0   0   0   0   0   0   0   0   0   0   0   0   0   0   0   0   0   0   0   0   
O4  0  0  0  0  0  0  0  0  0  0  0   0   0   0   0   0   0   0   0   0   0   0   0   0   0   0   0   0   0   0   0   0   0   0   0   0   0   0   0   0   0   0   0   0   0   0   0   0   0   0   0   0   0   0   0   0   0   0   0   
O5  0  0  0  0  0  0  0  0  0  0  0   0   0   0   0   0   0   0   0   0   0   0   0   0   0   0   0   0   0   0   0   0   0   0   0   0   0   0   0   0   0   0   0   0   0   0   0   0   0   0   0   0   0   0   0   0   0   0   0   
O6  0  0  0  0  0  0  0  0  0  0  0   0   0   0   0   0   0   0   0   0   0   0   0   0   0   0   0   0   0   0   0   0   0   0   0   0   0   0   0   0   0   0   0   0   0   0   0   0   0   0   0   0   0   0   0   0   0   0   0   
O7  0  0  0  0  0  0  0  0  0  0  0   0   0   0   0   0   0   0   0   0   0   0   0   0   0   0   0   0   0   0   0   0   0   0   0   0   0   0   0   0   0   0   0   0   0   0   0   0   0   0   0   0   0   0   0   0   0   0   0   
O8  0  0  0  0  0  0  0  0  0  0  0   0   0   0   0   0   0   0   0   1   1   1   0   0   0   0   0   0   0   0   0   0   0   0   0   0   0   0   0   0   0   0   0   0   0   0   0   0   0   0   0   0   0   0   0   0   0   0   0   
O9  0  0  0  0  0  0  0  0  0  0  0   0   0   0   0   0   0   0   0   0   1   1   0   0   0   0   0   0   0   0   0   0   0   0   0   0   0   0   0   0   0   0   0   0   0   0   0   0   0   0   0   0   0   0   0   0   0   0   0   
O10 0  0  0  0  0  0  0  0  0  0  0   0   0   0   0   0   0   0   0   1   0   0   0   0   0   0   0   0   0   0   0   0   0   0   0   0   0   0   0   0   0   0   0   0   0   0   0   0   0   0   0   0   0   0   0   0   0   0   0   
O11 0  0  0  0  0  0  0  0  0  0  0   0   0   0   0   0   0   0   0   0   0   0   0   0   0   0   0   0   0   0   0   0   0   0   0   0   0   0   0   0   0   0   0   0   0   0   0   0   0   0   0   0   0   0   0   0   0   0   0   
O12 0  0  0  0  0  0  0  0  0  0  0   0   0   0   0   0   0   0   0   0   0   0   0   0   0   0   0   0   0   0   1   0   0   0   0   0   0   0   0   0   0   0   0   0   0   0   0   0   0   0   0   0   0   0   0   0   0   0   0   
O13 0  0  0  0  0  0  0  0  0  0  0   0   0   0   0   0   0   0   0   0   0   0   0   0   0   0   0   0   0   0   0   1   1   1   1   1   1   1   1   1   1   1   1   1   1   1   1   1   1   1   1   1   1   1   1   1   1   0   0   
O14 0  0  0  0  0  0  0  0  0  0  0   0   0   0   0   0   0   0   0   0   0   0   0   0   0   0   0   0   0   0   0   0   0   0   0   0   0   0   0   0   0   0   0   0   0   0   0   0   0   0   0   0   0   0   0   0   0   0   0   
O15 0  0  0  0  0  0  0  0  0  0  0   0   0   0   0   0   0   0   0   0   0   0   0   0   0   0   0   0   0   0   0   0   0   0   0   0   0   0   0   0   0   0   0   0   0   0   0   0   0   0   0   0   0   0   0   0   0   0   0   ;

param coloc:
    O0 O1 O2 O3 O4 O5 O6 O7 O8 O9 O10 O11 O12 O13 O14 O15 :=
O0  1  0  0  0  0  0  0  0  0  0  0   0   0   0   0   0   
O1  0  1  0  0  0  0  0  0  0  0  0   0   0   0   0   0   
O2  0  0  1  0  0  0  0  0  0  0  0   0   0   0   0   0   
O3  0  0  0  1  0  0  0  0  0  0  0   0   0   0   0   0   
O4  0  0  0  0  1  0  0  0  0  0  0   0   0   0   0   0   
O5  0  0  0  0  0  1  0  0  0  0  0   0   0   0   0   0   
O6  0  0  0  0  0  0  1  0  0  0  0   0   0   0   0   0   
O7  0  0  0  0  0  0  0  1  0  0  0   0   0   0   0   0   
O8  0  0  0  0  0  0  0  0  1  0  0   0   0   0   0   0   
O9  0  0  0  0  0  0  0  0  0  1  0   0   0   0   0   0   
O10 0  0  0  0  0  0  0  0  0  0  1   0   0   0   0   0   
O11 0  0  0  0  0  0  0  0  0  0  0   1   0   0   0   0   
O12 0  0  0  0  0  0  0  0  0  0  0   0   1   0   0   0   
O13 0  0  0  0  0  0  0  0  0  0  0   0   0   1   0   0   
O14 0  0  0  0  0  0  0  0  0  0  0   0   0   0   1   0   
O15 0  0  0  0  0  0  0  0  0  0  0   0   0   0   0   1   ;

param tr:
    O0 O1 O2 O3 O4 O5 O6 O7 O8 O9 O10 O11 O12 O13 O14 O15 :=
T   0  0  0  0  0  0  0  0  0  0  0   0   0   0   0   0   ;

param similarity:
    O0 O1 O2 O3 O4 O5 O6 O7 O8 O9 O10 O11 O12 O13 O14 O15 :=
O0  1  1.0  0.9  0.9  0.0  0.0  0.0  0.0  0.0  0.0  0.0   0.0   0.0   0.05555555555555555   0.0   0.0   
O1  1.0  1  0.9  0.9  0.0  0.0  0.0  0.0  0.0  0.0  0.0   0.0   0.0   0.05555555555555555   0.0   0.0   
O2  0.9  0.9  1  1.0  0.0  0.0  0.0  0.0  0.0  0.0  0.0   0.0   0.0   0.5   0.0   0.0   
O3  0.9  0.9  1.0  1  0.0  0.0  0.0  0.0  0.0  0.0  0.0   0.0   0.0   0.9   0.0   0.0   
O4  0.0  0.0  0.0  0.0  1  1.0  1.0  0.9  0.5  0.0  0.0   0.5   0.0   0.0   0.5   0.0   
O5  0.0  0.0  0.0  0.0  1.0  1  1.0  1.0  0.8888888888888888  0.0  0.0   0.8888888888888888   0.0   0.0   0.8888888888888888   0.0   
O6  0.0  0.0  0.0  0.0  1.0  1.0  1  0.9  0.9  0.0  0.0   0.9   0.0   0.0   0.9   0.0   
O7  0.0  0.0  0.0  0.0  0.9  1.0  0.9  1  0.5  0.0  0.0   0.5   0.0   0.0   0.5   0.0   
O8  0.0  0.0  0.0  0.0  0.5  0.8888888888888888  0.9  0.5  1  1.0  1.0   1.0   0.8   0.0   0.9230769230769231   0.0   
O9  0.0  0.0  0.0  0.0  0.0  0.0  0.0  0.0  1.0  1  1.0   1.0   0.9   0.0   0.75   0.0   
O10 0.0  0.0  0.0  0.0  0.0  0.0  0.0  0.0  1.0  1.0  1   1.0   0.9   0.0   0.9   0.0   
O11 0.0  0.0  0.0  0.0  0.5  0.8888888888888888  0.9  0.5  1.0  1.0  1.0   1   0.8   0.0   0.9230769230769231   0.0   
O12 0.0  0.0  0.0  0.0  0.0  0.0  0.0  0.0  0.8  0.9  0.9   0.8   1   0.0   0.6   0.3333333333333333   
O13 0.05555555555555555  0.05555555555555555  0.5  0.9  0.0  0.0  0.0  0.0  0.0  0.0  0.0   0.0   0.0   1   0.9629629629629629   0.6666666666666666   
O14 0.0  0.0  0.0  0.0  0.5  0.8888888888888888  0.9  0.5  0.9230769230769231  0.75  0.9   0.9230769230769231   0.6   0.9629629629629629   1   0.6666666666666666   
O15 0.0  0.0  0.0  0.0  0.0  0.0  0.0  0.0  0.0  0.0  0.0   0.0   0.3333333333333333   0.6666666666666666   0.6666666666666666   1   ;